40 2 
41 2 
42 2 
64 2 
65 2 
64 3 
65 3 
0 4 
1 4 
0 5 
1 5 
28 5 
28 6 
14 7 
15 7 
28 7 
14 8 
15 8 
21 15 
22 15 
21 16 
22 16 
3 18 
4 18 
9 18 
55 18 
56 18 
64 18 
65 18 
2 19 
3 19 
5 19 
6 19 
10 19 
54 19 
57 19 
63 19 
66 19 
3 20 
5 20 
6 20 
10 20 
55 20 
56 20 
64 20 
65 20 
3 21 
10 21 
4 22 
6 22 
7 22 
8 22 
9 22 
10 22 
11 22 
13 22 
58 22 
59 22 
60 22 
0 23 
1 23 
5 23 
6 23 
10 23 
11 23 
12 23 
0 24 
1 24 
12 24 
55 24 
56 24 
54 25 
57 25 
55 26 
56 26 
4 27 
3 28 
4 28 
2 29 
3 29 
3 30 
5 30 
4 31 
5 31 
42 31 
43 31 
69 31 
70 31 
5 32 
42 32 
43 32 
68 32 
71 32 
69 33 
70 33 
0 42 
1 42 
2 42 
27 43 
28 43 
57 43 
58 43 
69 43 
70 43 
26 44 
29 44 
56 44 
59 44 
68 44 
71 44 
27 45 
29 45 
34 45 
35 45 
57 45 
58 45 
69 45 
70 45 
28 46 
34 46 
35 46 
48 46 
49 46 
48 47 
49 47 
76 47 
77 47 
43 48 
44 48 
76 48 
77 48 
43 49 
44 49 

